k= 16.0
r= 10.0
T0= 0.0
N= 65536.0
R= 1024.0
T= 1.0
dt= 1.52587890625e-05
Dt= 0.015625
L= 64.0
x0= 1.0
lambda -10.0
mu 1.0
