k= 16.0
r= 8.0
T0= 0.0
N= 65536.0
R= 256.0
T= 1.0
dt= 1.52587890625e-05
Dt= 0.00390625
L= 256.0
x0= 1.0
lambda -10.0
mu 2.0
